 30
 1000 1000 
 4 136 0 408 0 408 328 0 328
 4 356 416 58 416 0 0 268 0
 4 302 342 0 342 0 0 708 0
 4 172 0 428 0 428 330 0 330
 4 0 0 584 0 584 308 0 308
 4 0 254 176 0 408 0 408 212
 5 232 504 0 504 0 0 416 0 416 184
 4 0 0 246 0 246 584 0 584
 4 346 0 346 276 0 276 0 54
 4 408 0 408 480 74 480 0 42
 4 182 330 0 330 0 0 354 0
 3 184 0 184 320 0 320
 4 0 0 296 0 354 416 102 416
 4 408 116 408 338 0 338 0 0
 3 0 246 0 0 352 0
 3 0 508 0 246 352 0
 3 244 150 0 150 0 0
 4 406 0 698 0 698 342 0 342
 4 0 0 416 0 416 496 0 496
 4 258 416 0 416 0 0 156 0
 3 0 508 0 0 204 0
 3 0 0 142 0 142 308
 4 202 328 0 328 0 0 338 0
 5 204 0 390 0 390 290 244 658 0 508
 4 0 362 0 0 204 0 346 308
 3 250 184 0 184 0 0
 3 250 438 0 254 176 0
 3 146 0 146 368 0 368
 4 0 0 280 0 280 416 88 416
 4 0 246 0 0 408 0 408 362
