 36
 1000 1000 
 4 0 0 1000 0 1000 494 0 494
 5 0 404 0 0 1000 0 1000 652 660 652
 3 660 248 0 248 0 0
 4 596 56 596 274 0 274 0 0
 4 0 0 436 0 436 1000 0 1000
 4 0 726 0 0 596 0 596 782
 4 0 0 396 0 396 1000 0 1000
 3 0 0 398 0 398 164
 5 564 344 564 1000 0 1000 0 0 366 0
 4 256 0 670 0 670 506 0 506
 5 534 352 534 1000 0 1000 0 0 404 0
 4 0 0 1000 0 1000 342 0 342
 4 0 0 466 0 466 1000 0 1000
 4 0 0 562 0 562 574 126 574
 4 0 0 404 0 404 1000 0 1000
 3 356 0 356 318 0 318
 3 0 0 130 0 130 352
 5 626 488 626 1000 0 1000 0 0 386 0
 4 564 574 0 574 0 0 438 0
 4 0 0 486 0 486 1000 0 1000
 5 226 0 604 0 604 1000 0 1000 0 616
 4 524 398 524 730 0 730 0 0
 4 0 270 0 0 524 0 524 668
 4 0 0 1000 0 1000 438 0 438
 4 0 0 718 0 718 528 376 528
 4 0 0 1000 0 1000 472 0 472
 5 1000 164 1000 562 0 562 0 0 602 0
 3 408 0 408 172 0 172
 4 0 0 476 0 476 1000 0 1000
 4 96 0 670 0 670 626 0 626
 5 592 566 0 566 0 0 1000 0 1000 394
 4 0 0 1000 0 1000 426 0 426
 3 0 616 0 0 226 0
 5 644 658 0 658 0 0 1000 0 1000 340
 4 330 506 0 506 0 0 586 0
 4 514 0 514 464 0 464 0 44
