 36 
 1000 1000 
 4 0 0 226 0 226 576 0 576
 4 0 0 378 0 378 1000 0 1000
 4 64 0 364 0 364 518 0 518
 4 604 576 0 576 0 0 430 0
 3 494 190 0 190 0 0
 3 276 194 0 194 0 0
 4 0 0 1000 0 1000 424 0 424
 5 0 372 0 0 1000 0 1000 562 494 562
 4 0 0 472 0 472 1000 0 1000
 4 0 0 456 0 456 1000 0 1000
 4 0 440 0 0 528 0 528 486
 4 0 0 1000 0 1000 482 0 482
 4 70 0 446 0 446 656 0 656
 4 0 0 1000 0 1000 340 0 340
 4 0 0 1000 0 1000 344 0 344
 5 320 0 1000 0 1000 640 0 640 0 150
 4 0 0 1000 0 1000 438 0 438
 4 544 0 544 506 0 506 0 96
 4 182 0 742 0 742 526 0 526
 5 214 0 610 0 610 1000 0 1000 0 522
 3 0 380 0 0 286 0
 4 0 0 390 0 390 1000 0 1000
 4 774 576 0 576 0 0 774 0
 4 0 0 1000 0 1000 414 0 414
 4 258 526 0 526 0 0 440 0
 4 0 0 1000 0 1000 446 0 446
 4 0 0 1000 0 1000 444 0 444
 5 286 0 622 0 622 1000 0 1000 0 380
 4 528 46 528 560 0 560 0 0
 4 706 556 0 556 0 0 662 0
 4 554 656 0 656 0 0 624 0
 4 0 0 338 0 338 556 44 556
 4 0 590 0 0 544 0 544 494
 4 0 0 1000 0 1000 360 0 360
 4 30 0 418 0 418 586 0 586
 3 0 522 0 0 214 0

