 36
 1000 1000 
 4 0 0 352 0 352 1000 0 1000
 4 0 0 1000 0 1000 480 0 480
 4 0 0 1000 0 1000 350 0 350
 4 0 0 1000 0 1000 478 0 478
 3 0 408 0 0 146 0
 4 0 374 0 0 622 0 622 580
 5 146 0 530 0 530 1000 0 1000 0 408
 5 616 376 616 1000 0 1000 0 0 452 0
 4 0 0 438 0 438 1000 0 1000
 4 0 0 384 0 384 1000 0 1000
 4 458 550 0 550 0 0 742 0
 4 0 0 580 0 580 522 298 522
 3 0 0 164 0 164 376
 4 718 522 0 522 0 0 420 0
 4 0 0 462 0 462 1000 0 1000
 4 0 0 424 0 424 520 66 520
 4 0 0 1000 0 1000 352 0 352
 4 642 520 0 520 0 0 576 0
 5 196 0 564 0 564 1000 0 1000 0 522
 4 0 346 0 0 562 0 562 534
 4 0 0 378 0 378 1000 0 1000
 5 368 1000 0 1000 0 0 648 0 648 500
 3 214 296 0 296 0 0
 4 622 206 622 626 0 626 0 0
 4 0 0 1000 0 1000 392 0 392
 3 462 0 462 190 0 190
 4 284 0 542 0 542 550 0 550
 3 396 190 0 190 0 0
 4 562 188 562 654 0 654 0 0
 4 538 138 538 328 0 328 0 0
 3 0 522 0 0 196 0
 4 0 0 436 0 436 1000 0 1000
 4 0 0 470 0 470 1000 0 1000
 5 538 608 0 608 0 0 1000 0 1000 418
 4 0 570 0 0 628 0 628 392
 4 0 0 372 0 372 1000 0 1000

