 36
 1000 1000 
 4 582 568 0 568 0 0 410 0
 4 0 0 338 0 338 1000 0 1000
 4 0 0 374 0 374 1000 0 1000
 4 0 554 0 0 588 0 588 290
 4 0 0 442 0 442 1000 0 1000
 3 0 444 0 0 182 0
 4 0 0 344 0 344 1000 0 1000
 4 0 0 678 0 678 622 98 622
 5 182 0 558 0 558 1000 0 1000 0 444
 4 98 0 676 0 676 632 0 632
 5 456 626 0 626 0 0 1000 0 1000 356
 4 0 0 1000 0 1000 414 0 414
 3 312 382 0 382 0 0
 4 626 0 626 556 0 556 0 16
 4 570 0 570 548 0 548 0 298
 4 0 0 1000 0 1000 392 0 392
 5 232 0 656 0 656 1000 0 1000 0 518
 4 0 0 430 0 430 1000 0 1000
 4 588 0 588 710 0 710 0 264
 4 0 0 412 0 412 1000 0 1000
 4 0 0 754 0 754 608 326 608
 4 420 622 0 622 0 0 322 0
 4 10 0 460 0 460 566 0 566
 4 324 632 0 632 0 0 422 0
 3 0 214 0 0 334 0
 4 0 0 1000 0 1000 378 0 378
 4 0 460 0 0 626 0 626 444
 3 544 0 544 270 0 270
 4 572 608 0 608 0 0 246 0
 5 136 0 630 0 630 1000 0 1000 0 384
 4 618 538 0 538 0 0 450 0
 4 0 0 1000 0 1000 432 0 432
 4 0 0 1000 0 1000 374 0 374
 5 334 0 1000 0 1000 586 0 586 0 214
 4 0 0 1000 0 1000 368 0 368
 3 0 518 0 0 232 0

