 36
 1000 1000 
 3 200 430 0 430 0 0
 4 0 0 474 0 474 1000 0 1000
 5 0 432 0 0 1000 0 1000 574 400 574
 4 526 104 526 790 0 790 0 0
 3 212 270 0 270 0 0
 4 356 520 0 520 0 0 294 0
 5 640 624 640 1000 0 1000 0 0 362 0
 4 0 0 1000 0 1000 370 0 370
 4 0 0 1000 0 1000 426 0 426
 4 0 0 1000 0 1000 388 0 388
 4 0 0 478 0 478 1000 0 1000
 3 0 286 0 0 412 0
 3 400 142 0 142 0 0
 4 0 0 404 0 404 1000 0 1000
 4 0 0 1000 0 1000 484 0 484
 4 228 0 652 0 652 666 0 666
 4 0 754 0 0 662 0 662 440
 3 0 320 0 0 136 0
 4 0 0 706 0 706 520 62 520
 4 348 666 0 666 0 0 576 0
 4 0 0 494 0 494 650 230 650
 4 662 0 662 560 0 560 0 314
 4 0 0 1000 0 1000 334 0 334
 5 0 730 0 0 596 0 596 1000 212 1000
 4 0 0 1000 0 1000 480 0 480
 3 0 0 382 0 382 228
 4 736 650 0 650 0 0 506 0
 4 0 0 372 0 372 1000 0 1000
 4 552 516 0 516 0 0 542 0
 4 0 0 458 0 458 516 10 516
 5 1000 158 1000 654 0 654 0 0 658 0
 4 0 0 1000 0 1000 350 0 350
 4 0 0 494 0 494 1000 0 1000
 5 522 294 522 1000 0 1000 0 0 334 0
 4 0 210 0 0 526 0 526 314
 5 1000 228 1000 612 0 612 0 0 618 0
