 36 
 1000 1000 
 4 46 0 756 0 756 522 0 522
 4 0 194 0 0 520 0 520 322
 4 160 0 698 0 698 554 0 554
 4 0 0 1000 0 1000 352 0 352
 4 628 518 0 518 0 0 730 0
 4 0 576 0 0 554 0 554 480
 4 0 0 1000 0 1000 446 0 446
 4 0 0 446 0 446 1000 0 1000
 4 0 0 1000 0 1000 478 0 478
 4 138 0 624 0 624 520 0 520
 5 1000 260 1000 634 0 634 0 0 752 0
 4 102 0 372 0 372 518 0 518
 4 0 0 490 0 490 1000 0 1000
 4 0 0 1000 0 1000 450 0 450
 4 24 0 322 0 322 550 0 550
 5 468 1000 0 1000 0 0 666 0 666 532
 4 376 520 0 520 0 0 514 0
 4 0 0 334 0 334 1000 0 1000
 4 520 128 520 806 0 806 0 0
 3 134 366 0 366 0 0
 4 0 0 1000 0 1000 366 0 366
 4 302 554 0 554 0 0 462 0
 3 230 260 0 260 0 0
 4 0 0 640 0 640 532 114 532
 4 678 550 0 550 0 0 702 0
 5 592 622 592 1000 0 1000 0 0 362 0
 4 0 0 1000 0 1000 480 0 480
 4 0 0 408 0 408 1000 0 1000
 4 346 648 0 648 0 0 452 0
 4 474 532 0 532 0 0 360 0
 3 198 0 198 468 0 468
 3 0 0 248 0 248 260
 4 554 0 554 520 0 520 0 96
 4 244 522 0 522 0 0 290 0
 4 0 0 480 0 480 1000 0 1000
 4 0 0 1000 0 1000 482 0 482

