 36
 1000 1000 
 3 370 0 370 136 0 136
 4 0 0 1000 0 1000 400 0 400
 4 138 0 352 0 352 606 0 606
 4 0 430 0 0 606 0 606 396
 4 806 540 0 540 0 0 706 0
 5 430 620 0 620 0 0 1000 0 1000 352
 5 630 544 0 544 0 0 1000 0 1000 408
 4 0 0 294 0 294 540 100 540
 5 1000 146 1000 530 0 530 0 0 638 0
 3 394 0 394 224 0 224
 4 508 658 0 658 0 0 668 0
 4 0 514 0 0 518 0 518 604
 4 548 618 0 618 0 0 346 0
 5 606 600 0 600 0 0 1000 0 1000 376
 3 0 0 362 0 362 146
 4 574 84 574 580 0 580 0 0
 4 0 0 1000 0 1000 438 0 438
 4 0 0 1000 0 1000 380 0 380
 4 0 0 1000 0 1000 342 0 342
 4 0 420 0 0 574 0 574 504
 4 0 0 654 0 654 618 202 618
 4 0 0 1000 0 1000 382 0 382
 4 0 0 406 0 406 1000 0 1000
 4 0 0 394 0 394 1000 0 1000
 4 0 0 1000 0 1000 460 0 460
 4 340 0 608 0 608 662 0 662
 4 606 0 606 604 0 604 0 34
 4 0 0 1000 0 1000 338 0 338
 4 518 90 518 486 0 486 0 0
 5 0 370 0 0 594 0 594 1000 260 1000
 4 0 0 1000 0 1000 456 0 456
 3 504 212 0 212 0 0
 5 0 350 0 0 1000 0 1000 562 504 562
 4 0 0 1000 0 1000 470 0 470
 4 0 0 1000 0 1000 394 0 394
 4 0 0 482 0 482 1000 0 1000

