 36 
 1000 1000 
 5 558 538 558 1000 0 1000 0 0 366 0
 4 0 0 1000 0 1000 412 0 412
 4 0 0 1000 0 1000 420 0 420
 5 216 0 580 0 580 1000 0 1000 0 364
 3 0 364 0 0 216 0
 3 294 616 0 616 0 0
 4 0 0 442 0 442 1000 0 1000
 3 0 0 192 0 192 538
 4 0 0 420 0 420 1000 0 1000
 3 200 494 0 494 0 0
 4 0 0 424 0 424 1000 0 1000
 4 0 334 0 0 594 0 594 490
 5 408 0 1000 0 1000 580 0 580 0 202
 4 524 64 524 504 0 504 0 0
 4 0 588 0 0 576 0 576 302
 4 0 0 412 0 412 1000 0 1000
 4 576 0 576 698 0 698 0 286
 4 0 0 476 0 476 1000 0 1000
 5 0 506 0 0 584 0 584 1000 200 1000
 4 94 0 550 0 550 538 0 538
 4 0 0 442 0 442 1000 0 1000
 4 318 0 772 0 772 588 0 588
 4 594 156 594 666 0 666 0 0
 4 0 496 0 0 524 0 524 560
 4 0 0 342 0 342 1000 0 1000
 3 142 0 142 378 0 378
 4 558 18 558 330 0 330 0 0
 4 0 0 334 0 334 1000 0 1000
 4 0 0 1000 0 1000 370 0 370
 4 228 588 0 588 0 0 546 0
 4 0 670 0 0 558 0 558 688
 4 0 0 406 0 406 1000 0 1000
 4 214 0 700 0 700 630 0 630
 4 588 204 588 482 0 482 0 0
 4 372 562 0 562 0 0 222 0
 4 0 0 1000 0 1000 462 0 462

