 36
 1000 1000 
 4 0 0 1000 0 1000 376 0 376
 4 0 0 484 0 484 1000 0 1000
 3 420 208 0 208 0 0
 3 0 0 136 0 136 360
 4 352 0 680 0 680 502 0 502
 3 442 212 0 212 0 0
 4 0 0 662 0 662 612 322 612
 4 660 612 0 612 0 0 338 0
 5 218 0 622 0 622 1000 0 1000 0 388
 4 0 0 618 0 618 602 42 602
 4 0 0 1000 0 1000 454 0 454
 4 536 40 536 582 0 582 0 0
 4 636 514 0 514 0 0 786 0
 4 0 0 398 0 398 540 118 540
 4 320 502 0 502 0 0 672 0
 4 534 0 534 670 0 670 0 186
 3 504 0 504 266 0 266
 5 516 360 516 1000 0 1000 0 0 380 0
 4 0 0 296 0 296 546 98 546
 4 0 0 1000 0 1000 398 0 398
 4 0 0 1000 0 1000 388 0 388
 4 0 0 466 0 466 1000 0 1000
 4 0 0 1000 0 1000 468 0 468
 3 0 388 0 0 218 0
 4 720 540 0 540 0 0 602 0
 4 0 0 1000 0 1000 400 0 400
 4 0 0 1000 0 1000 368 0 368
 4 0 0 378 0 378 1000 0 1000
 5 0 388 0 0 1000 0 1000 600 442 600
 4 424 602 0 602 0 0 382 0
 4 150 0 364 0 364 514 0 514
 4 0 0 1000 0 1000 498 0 498
 4 802 546 0 546 0 0 704 0
 4 0 0 420 0 420 1000 0 1000
 3 218 0 218 456 0 456
 5 362 1000 0 1000 0 0 580 0 580 544

