 36
 1000 1000 
 4 586 544 0 544 0 0 274 0
 4 0 0 1000 0 1000 366 0 366
 4 26 0 680 0 680 628 0 628
 4 0 276 0 0 524 0 524 546
 4 674 516 0 516 0 0 564 0
 4 0 0 1000 0 1000 402 0 402
 4 0 0 1000 0 1000 446 0 446
 3 280 190 0 190 0 0
 4 146 0 464 0 464 634 0 634
 4 0 0 1000 0 1000 432 0 432
 4 614 544 0 544 0 0 684 0
 3 0 194 0 0 480 0
 4 0 0 436 0 436 516 110 516
 4 0 0 1000 0 1000 456 0 456
 4 524 270 524 724 0 724 0 0
 4 576 0 576 716 0 716 0 218
 4 0 0 726 0 726 544 312 544
 4 0 0 1000 0 1000 342 0 342
 5 654 570 0 570 0 0 1000 0 1000 444
 4 320 628 0 628 0 0 346 0
 4 70 0 386 0 386 544 0 544
 5 416 658 0 658 0 0 1000 0 1000 418
 4 0 0 1000 0 1000 484 0 484
 4 0 602 0 0 602 0 602 546
 4 422 562 0 562 0 0 384 0
 4 0 0 398 0 398 1000 0 1000
 4 602 0 602 454 0 454 0 56
 3 346 0 346 126 0 126
 3 584 0 584 240 0 240
 4 0 0 1000 0 1000 438 0 438
 4 0 0 652 0 652 554 354 554
 4 0 0 616 0 616 562 38 562
 4 536 634 0 634 0 0 682 0
 4 596 530 0 530 0 0 646 0
 4 0 502 0 0 576 0 576 284
 4 702 554 0 554 0 0 348 0

