 36
 1000 1000 
 4 0 0 460 0 460 1000 0 1000
 4 434 570 0 570 0 0 582 0
 4 0 0 1000 0 1000 418 0 418
 3 0 494 0 0 196 0
 3 192 0 192 508 0 508
 4 0 0 438 0 438 1000 0 1000
 5 0 396 0 0 1000 0 1000 608 452 608
 4 562 0 562 468 0 468 0 120
 3 236 0 236 538 0 538
 4 544 46 544 530 0 530 0 0
 4 0 0 1000 0 1000 370 0 370
 5 196 0 556 0 556 1000 0 1000 0 494
 4 0 0 1000 0 1000 498 0 498
 4 0 0 358 0 358 1000 0 1000
 4 0 470 0 0 544 0 544 516
 4 0 652 0 0 562 0 562 532
 3 452 212 0 212 0 0
 5 366 1000 0 1000 0 0 602 0 602 462
 4 204 0 732 0 732 502 0 502
 4 636 620 0 620 0 0 736 0
 4 0 0 398 0 398 1000 0 1000
 4 540 204 540 704 0 704 0 0
 4 0 0 372 0 372 1000 0 1000
 5 0 490 0 0 642 0 642 1000 248 1000
 4 0 0 456 0 456 1000 0 1000
 4 0 0 1000 0 1000 424 0 424
 4 100 0 364 0 364 620 0 620
 5 554 0 1000 0 1000 582 0 582 0 240
 3 218 0 218 596 0 596
 4 0 0 274 0 274 630 38 630
 4 764 630 0 630 0 0 726 0
 4 0 0 540 0 540 576 170 576
 4 268 502 0 502 0 0 472 0
 3 248 510 0 510 0 0
 4 0 0 1000 0 1000 392 0 392
 4 0 0 1000 0 1000 380 0 380

