 36
 1000 1000 
 4 288 650 0 650 0 0 494 0
 3 0 222 0 0 342 0
 3 0 204 0 0 556 0
 3 0 0 192 0 192 482
 5 568 248 568 1000 0 1000 0 0 342 0
 3 538 0 538 204 0 204
 5 214 0 620 0 620 1000 0 1000 0 288
 4 630 106 630 400 0 400 0 0
 4 0 314 0 0 642 0 642 416
 4 0 324 0 0 608 0 608 478
 4 568 0 568 582 0 582 0 336
 4 0 0 358 0 358 1000 0 1000
 4 0 0 1000 0 1000 458 0 458
 3 0 0 296 0 296 162
 4 206 0 712 0 712 650 0 650
 4 608 154 608 676 0 676 0 0
 4 162 0 528 0 528 504 0 504
 4 0 0 380 0 380 1000 0 1000
 4 0 0 432 0 432 1000 0 1000
 4 0 0 370 0 370 1000 0 1000
 4 0 600 0 0 630 0 630 706
 5 556 0 1000 0 1000 552 0 552 0 204
 4 0 0 1000 0 1000 350 0 350
 5 342 0 1000 0 1000 580 0 580 0 222
 4 0 0 1000 0 1000 496 0 496
 4 642 102 642 686 0 686 0 0
 4 620 154 620 730 0 730 0 0
 4 0 0 380 0 380 1000 0 1000
 5 1000 162 1000 542 0 542 0 0 704 0
 4 574 506 0 506 0 0 774 0
 5 662 482 662 1000 0 1000 0 0 470 0
 4 0 0 1000 0 1000 420 0 420
 3 0 288 0 0 214 0
 4 0 0 1000 0 1000 452 0 452
 4 0 754 0 0 568 0 568 418
 5 462 548 0 548 0 0 1000 0 1000 344

