 36
 1000 1000 
 4 0 0 1000 0 1000 456 0 456
 4 0 0 398 0 398 1000 0 1000
 4 242 0 704 0 704 504 0 504
 4 0 0 1000 0 1000 338 0 338
 4 0 0 414 0 414 1000 0 1000
 4 0 466 0 0 552 0 552 514
 3 0 262 0 0 582 0
 3 0 278 0 0 520 0
 4 442 544 0 544 0 0 762 0
 4 0 432 0 0 586 0 586 470
 4 732 556 0 556 0 0 312 0
 4 230 546 0 546 0 0 418 0
 4 0 0 730 0 730 526 14 526
 4 0 486 0 0 612 0 612 428
 4 0 0 1000 0 1000 496 0 496
 4 0 0 336 0 336 1000 0 1000
 4 0 0 1000 0 1000 474 0 474
 3 424 0 424 222 0 222
 5 602 450 602 1000 0 1000 0 0 434 0
 3 202 556 0 556 0 0
 4 0 0 364 0 364 1000 0 1000
 4 0 0 388 0 388 1000 0 1000
 4 0 0 1000 0 1000 358 0 358
 4 664 0 664 644 0 644 0 44
 4 0 0 688 0 688 556 420 556
 4 0 0 1000 0 1000 436 0 436
 4 586 38 586 568 0 568 0 0
 4 0 0 1000 0 1000 462 0 462
 4 0 0 1000 0 1000 454 0 454
 5 576 564 0 564 0 0 1000 0 1000 342
 5 602 538 0 538 0 0 1000 0 1000 348
 5 520 0 1000 0 1000 642 0 642 0 278
 4 284 526 0 526 0 0 270 0
 4 320 0 558 0 558 544 0 544
 4 0 0 1000 0 1000 444 0 444
 3 398 0 398 190 0 190

