 36 
 1000 1000 
 4 0 0 450 0 450 1000 0 1000
 4 0 310 0 0 592 0 592 328
 3 194 534 0 534 0 0
 4 0 0 476 0 476 1000 0 1000
 5 336 1000 0 1000 0 0 518 0 518 516
 4 0 0 508 0 508 504 38 504
 4 0 0 1000 0 1000 400 0 400
 4 0 608 0 0 550 0 550 800
 4 0 0 408 0 408 1000 0 1000
 4 752 558 0 558 0 0 738 0
 4 550 192 550 392 0 392 0 0
 4 0 638 0 0 524 0 524 434
 4 664 644 0 644 0 0 502 0
 4 524 0 524 566 0 566 0 204
 4 0 0 350 0 350 1000 0 1000
 4 0 0 520 0 520 514 12 514
 4 0 0 1000 0 1000 496 0 496
 3 0 0 216 0 216 438
 4 530 504 0 504 0 0 492 0
 4 0 0 1000 0 1000 442 0 442
 3 0 484 0 0 172 0
 4 0 496 0 0 610 0 610 758
 5 568 438 568 1000 0 1000 0 0 352 0
 4 592 18 592 690 0 690 0 0
 4 610 262 610 504 0 504 0 0
 4 324 582 0 582 0 0 622 0
 4 0 568 0 0 650 0 650 650
 4 0 0 262 0 262 558 14 558
 4 298 0 676 0 676 582 0 582
 4 0 0 366 0 366 1000 0 1000
 5 0 466 0 0 634 0 634 1000 194 1000
 4 0 0 482 0 482 1000 0 1000
 4 0 0 442 0 442 1000 0 1000
 4 0 0 390 0 390 1000 0 1000
 4 0 0 1000 0 1000 486 0 486
 4 0 0 334 0 334 600 14 600

