 36
 1000 1000 
 4 0 0 1000 0 1000 380 0 380
 4 0 0 1000 0 1000 414 0 414
 5 172 0 618 0 618 1000 0 1000 0 438
 4 554 586 0 586 0 0 762 0
 4 526 0 526 504 0 504 0 300
 5 0 376 0 0 1000 0 1000 568 450 568
 3 450 192 0 192 0 0
 4 0 0 474 0 474 1000 0 1000
 4 0 0 1000 0 1000 466 0 466
 4 0 528 0 0 632 0 632 644
 4 0 0 664 0 664 534 10 534
 4 346 534 0 534 0 0 336 0
 4 0 280 0 0 626 0 626 716
 3 606 228 0 228 0 0
 4 0 0 382 0 382 1000 0 1000
 4 208 0 446 0 446 586 0 586
 4 262 0 484 0 484 530 0 530
 4 0 0 392 0 392 1000 0 1000
 4 0 0 406 0 406 1000 0 1000
 4 0 0 368 0 368 1000 0 1000
 3 0 0 230 0 230 450
 3 0 438 0 0 172 0
 5 554 556 0 556 0 0 1000 0 1000 354
 4 0 0 394 0 394 1000 0 1000
 4 0 756 0 0 608 0 608 688
 4 632 116 632 472 0 472 0 0
 4 0 0 374 0 374 1000 0 1000
 4 0 0 496 0 496 1000 0 1000
 4 516 530 0 530 0 0 778 0
 4 626 436 626 720 0 720 0 0
 5 606 450 606 1000 0 1000 0 0 376 0
 4 0 0 1000 0 1000 432 0 432
 4 504 0 504 804 0 804 0 120
 4 608 0 608 312 0 312 0 68
 3 446 0 446 202 0 202
 4 0 0 708 0 708 604 414 604

