 36 
 1000 1000 
 5 0 582 0 0 610 0 610 1000 172 1000
 4 0 0 1000 0 1000 392 0 392
 4 0 0 1000 0 1000 488 0 488
 3 0 0 302 0 302 184
 4 0 0 518 0 518 576 122 576
 4 516 102 516 552 0 552 0 0
 4 0 0 1000 0 1000 424 0 424
 3 0 398 0 0 190 0
 3 0 0 308 0 308 224
 4 0 0 576 0 576 582 162 582
 4 504 222 504 516 0 516 0 0
 4 0 0 356 0 356 1000 0 1000
 4 686 512 0 512 0 0 556 0
 3 172 418 0 418 0 0
 4 0 0 494 0 494 576 54 576
 4 598 14 598 720 0 720 0 0
 4 0 0 380 0 380 1000 0 1000
 4 0 0 1000 0 1000 424 0 424
 4 316 570 0 570 0 0 608 0
 4 644 348 644 668 0 668 0 0
 4 0 0 444 0 444 512 130 512
 5 682 576 0 576 0 0 1000 0 1000 384
 5 1000 184 1000 608 0 608 0 0 698 0
 4 0 0 452 0 452 1000 0 1000
 4 0 0 390 0 390 1000 0 1000
 4 0 484 0 0 504 0 504 706
 4 0 0 402 0 402 1000 0 1000
 3 318 0 318 192 0 192
 4 0 332 0 0 644 0 644 680
 4 0 0 484 0 484 1000 0 1000
 4 560 576 0 576 0 0 506 0
 4 0 280 0 0 598 0 598 294
 4 0 0 1000 0 1000 424 0 424
 5 1000 224 1000 606 0 606 0 0 692 0
 5 190 0 548 0 548 1000 0 1000 0 398
 4 620 0 620 468 0 468 0 34

