 36
 1000 1000 
 5 354 1000 0 1000 0 0 582 0 582 468
 4 0 0 470 0 470 1000 0 1000
 3 0 174 0 0 374 0
 4 0 0 1000 0 1000 420 0 420
 4 0 0 458 0 458 1000 0 1000
 4 0 0 1000 0 1000 478 0 478
 5 0 754 0 0 580 0 580 1000 244 1000
 4 0 0 406 0 406 1000 0 1000
 4 0 374 0 0 530 0 530 262
 4 584 144 584 422 0 422 0 0
 4 0 0 494 0 494 580 98 580
 4 588 0 588 724 0 724 0 90
 3 228 0 228 532 0 532
 5 238 0 610 0 610 1000 0 1000 0 580
 4 0 0 416 0 416 1000 0 1000
 4 654 170 654 568 0 568 0 0
 4 0 0 1000 0 1000 382 0 382
 4 654 544 0 544 0 0 750 0
 4 638 0 638 690 0 690 0 48
 4 0 0 390 0 390 1000 0 1000
 3 244 246 0 246 0 0
 3 0 580 0 0 238 0
 5 564 0 1000 0 1000 622 0 622 0 262
 4 0 0 412 0 412 1000 0 1000
 4 96 0 346 0 346 544 0 544
 4 0 0 1000 0 1000 378 0 378
 4 0 308 0 0 542 0 542 638
 3 0 236 0 0 410 0
 4 604 580 0 580 0 0 506 0
 4 0 432 0 0 654 0 654 602
 5 374 0 1000 0 1000 522 0 522 0 174
 4 0 0 362 0 362 1000 0 1000
 5 256 0 594 0 594 1000 0 1000 0 454
 3 0 454 0 0 256 0
 3 0 262 0 0 564 0
 4 0 0 1000 0 1000 456 0 456

