 36
 1000 1000 
 4 322 0 660 0 660 562 0 562
 4 0 0 494 0 494 1000 0 1000
 4 0 0 1000 0 1000 396 0 396
 5 0 344 0 0 1000 0 1000 592 422 592
 4 0 0 360 0 360 1000 0 1000
 4 552 594 0 594 0 0 508 0
 4 0 0 1000 0 1000 438 0 438
 4 562 0 562 534 0 534 0 280
 4 0 0 1000 0 1000 442 0 442
 3 298 256 0 256 0 0
 4 516 540 0 540 0 0 452 0
 4 0 198 0 0 562 0 562 284
 4 450 642 0 642 0 0 566 0
 4 0 0 548 0 548 540 64 540
 3 146 302 0 302 0 0
 4 0 388 0 0 640 0 640 396
 5 0 744 0 0 634 0 634 1000 298 1000
 4 0 0 1000 0 1000 368 0 368
 4 276 604 0 604 0 0 492 0
 4 228 0 522 0 522 632 0 632
 4 0 0 1000 0 1000 406 0 406
 4 0 310 0 0 556 0 556 438
 4 0 0 438 0 438 1000 0 1000
 4 132 0 596 0 596 558 0 558
 4 0 0 1000 0 1000 408 0 408
 4 0 0 388 0 388 1000 0 1000
 4 340 562 0 562 0 0 662 0
 4 0 0 1000 0 1000 358 0 358
 4 404 558 0 558 0 0 536 0
 4 216 0 724 0 724 604 0 604
 5 0 698 0 0 612 0 612 1000 146 1000
 3 422 248 0 248 0 0
 4 0 0 1000 0 1000 460 0 460
 4 0 724 0 0 506 0 506 702
 4 640 8 640 612 0 612 0 0
 4 0 0 366 0 366 1000 0 1000

