 36
 1000 1000 
 4 92 0 288 0 288 540 0 540
 5 408 1000 0 1000 0 0 588 0 588 712
 4 0 0 484 0 484 1000 0 1000
 4 378 568 0 568 0 0 412 0
 4 564 0 564 700 0 700 0 424
 4 0 0 406 0 406 652 178 652
 4 660 0 660 528 0 528 0 146
 4 388 614 0 614 0 0 676 0
 4 0 0 1000 0 1000 446 0 446
 5 410 1000 0 1000 0 0 614 0 614 528
 4 0 0 1000 0 1000 372 0 372
 4 0 0 1000 0 1000 432 0 432
 4 460 554 0 554 0 0 270 0
 3 0 0 552 0 552 208
 5 1000 208 1000 606 0 606 0 0 448 0
 4 0 0 674 0 674 582 428 582
 4 754 582 0 582 0 0 326 0
 5 0 422 0 0 1000 0 1000 628 324 628
 3 0 0 208 0 208 384
 4 0 618 0 0 660 0 660 472
 4 0 0 378 0 378 1000 0 1000
 4 772 652 0 652 0 0 594 0
 4 0 0 386 0 386 1000 0 1000
 4 288 0 612 0 612 614 0 614
 4 546 516 0 516 0 0 800 0
 4 0 0 340 0 340 1000 0 1000
 4 0 0 1000 0 1000 418 0 418
 3 324 206 0 206 0 0
 3 180 462 0 462 0 0
 5 622 384 622 1000 0 1000 0 0 414 0
 3 204 0 204 472 0 472
 4 0 0 412 0 412 1000 0 1000
 4 0 0 1000 0 1000 386 0 386
 5 0 538 0 0 516 0 516 1000 180 1000
 4 0 0 1000 0 1000 348 0 348
 4 254 0 454 0 454 516 0 516

