 36 
 1000 1000 
 4 644 548 0 548 0 0 282 0
 4 0 0 394 0 394 1000 0 1000
 3 616 0 616 278 0 278
 5 0 428 0 0 1000 0 1000 594 466 594
 4 0 0 1000 0 1000 452 0 452
 4 0 0 718 0 718 548 362 548
 4 0 0 404 0 404 1000 0 1000
 4 0 0 490 0 490 1000 0 1000
 4 514 0 514 804 0 804 0 84
 4 630 514 0 514 0 0 470 0
 5 604 592 604 1000 0 1000 0 0 382 0
 4 0 0 454 0 454 1000 0 1000
 4 662 88 662 708 0 708 0 0
 4 0 292 0 0 662 0 662 380
 4 0 280 0 0 514 0 514 196
 4 444 662 0 662 0 0 456 0
 4 0 0 530 0 530 514 160 514
 4 0 0 1000 0 1000 406 0 406
 4 0 0 338 0 338 1000 0 1000
 4 0 0 1000 0 1000 386 0 386
 4 54 0 562 0 562 594 0 594
 4 0 0 688 0 688 622 434 622
 3 0 362 0 0 214 0
 4 0 0 1000 0 1000 486 0 486
 4 0 298 0 0 546 0 546 752
 4 0 0 1000 0 1000 338 0 338
 5 612 372 612 1000 0 1000 0 0 348 0
 4 0 0 1000 0 1000 378 0 378
 4 0 0 1000 0 1000 406 0 406
 4 12 0 556 0 556 662 0 662
 3 0 0 264 0 264 372
 4 0 0 486 0 486 1000 0 1000
 4 0 0 396 0 396 1000 0 1000
 5 384 614 0 614 0 0 1000 0 1000 336
 4 438 594 0 594 0 0 492 0
 4 606 0 606 684 0 684 0 114

