 36
 1000 1000 
 3 546 258 0 258 0 0
 4 0 0 1000 0 1000 418 0 418
 4 0 0 1000 0 1000 412 0 412
 4 0 0 1000 0 1000 352 0 352
 4 0 0 1000 0 1000 482 0 482
 4 0 678 0 0 536 0 536 582
 4 0 0 376 0 376 1000 0 1000
 4 0 0 680 0 680 602 230 602
 4 0 0 1000 0 1000 380 0 380
 4 348 606 0 606 0 0 738 0
 5 0 358 0 0 1000 0 1000 588 624 588
 4 602 586 0 586 0 0 464 0
 4 370 0 698 0 698 502 0 502
 4 0 0 1000 0 1000 398 0 398
 4 0 0 758 0 758 518 482 518
 4 0 0 1000 0 1000 470 0 470
 4 510 0 510 428 0 428 0 38
 4 384 0 758 0 758 530 0 530
 4 0 0 754 0 754 582 72 582
 3 208 408 0 408 0 0
 4 318 582 0 582 0 0 246 0
 4 0 0 398 0 398 1000 0 1000
 4 312 620 0 620 0 0 238 0
 4 0 0 354 0 354 1000 0 1000
 4 0 0 762 0 762 620 74 620
 4 0 0 1000 0 1000 394 0 394
 4 0 0 1000 0 1000 414 0 414
 4 646 0 646 696 0 696 0 372
 4 0 0 536 0 536 586 138 586
 4 0 0 464 0 464 1000 0 1000
 4 724 518 0 518 0 0 242 0
 4 0 676 0 0 646 0 646 304
 5 0 592 0 0 602 0 602 1000 208 1000
 4 242 530 0 530 0 0 626 0
 4 536 0 536 418 0 418 0 96
 4 0 0 490 0 490 1000 0 1000

