 36
 1000 1000 
 4 0 0 686 0 686 596 50 596
 4 0 0 1000 0 1000 442 0 442
 4 0 0 428 0 428 1000 0 1000
 4 0 0 376 0 376 1000 0 1000
 4 0 0 422 0 422 1000 0 1000
 4 422 0 682 0 682 576 0 576
 4 0 0 412 0 412 1000 0 1000
 4 0 0 1000 0 1000 404 0 404
 4 0 0 1000 0 1000 404 0 404
 4 0 0 1000 0 1000 340 0 340
 3 324 158 0 158 0 0
 4 54 0 638 0 638 638 0 638
 4 0 544 0 0 572 0 572 690
 4 0 0 404 0 404 1000 0 1000
 4 318 576 0 576 0 0 740 0
 5 254 0 598 0 598 1000 0 1000 0 272
 4 748 660 0 660 0 0 548 0
 4 0 554 0 0 624 0 624 294
 4 636 582 0 582 0 0 316 0
 4 0 0 348 0 348 1000 0 1000
 5 0 338 0 0 1000 0 1000 558 256 558
 4 362 638 0 638 0 0 416 0
 5 0 586 0 0 652 0 652 1000 192 1000
 4 0 0 1000 0 1000 424 0 424
 5 340 1000 0 1000 0 0 588 0 588 446
 3 256 220 0 220 0 0
 5 1000 210 1000 596 0 596 0 0 504 0
 3 192 414 0 414 0 0
 4 0 558 0 0 578 0 578 326
 4 0 0 684 0 684 582 320 582
 3 0 272 0 0 254 0
 4 0 0 402 0 402 1000 0 1000
 4 0 0 1000 0 1000 424 0 424
 4 0 564 0 0 596 0 596 580
 4 364 596 0 596 0 0 314 0
 4 624 0 624 706 0 706 0 260

