 36
 1000 1000 
 4 0 520 0 0 594 0 594 458
 4 158 0 794 0 794 554 0 554
 4 250 0 800 0 800 510 0 510
 3 208 0 208 394 0 394
 4 0 0 480 0 480 1000 0 1000
 5 144 0 596 0 596 1000 0 1000 0 332
 4 600 278 600 620 0 620 0 0
 3 0 0 186 0 186 296
 3 416 174 0 174 0 0
 4 282 596 0 596 0 0 352 0
 4 0 0 370 0 370 1000 0 1000
 4 0 606 0 0 630 0 630 278
 4 520 0 520 668 0 668 0 82
 4 0 0 638 0 638 592 24 592
 4 0 0 1000 0 1000 490 0 490
 4 0 0 1000 0 1000 446 0 446
 4 698 632 0 632 0 0 472 0
 4 0 0 1000 0 1000 404 0 404
 4 0 0 1000 0 1000 408 0 408
 5 454 1000 0 1000 0 0 662 0 662 606
 4 0 0 404 0 404 1000 0 1000
 4 0 0 428 0 428 1000 0 1000
 4 572 0 572 690 0 690 0 106
 5 370 0 1000 0 1000 546 0 546 0 212
 4 0 414 0 0 520 0 520 332
 3 0 212 0 0 370 0
 4 0 0 528 0 528 632 226 632
 4 0 0 406 0 406 1000 0 1000
 3 0 332 0 0 144 0
 4 0 0 1000 0 1000 454 0 454
 4 0 0 400 0 400 1000 0 1000
 4 206 554 0 554 0 0 364 0
 4 0 0 1000 0 1000 368 0 368
 4 200 510 0 510 0 0 450 0
 4 386 592 0 592 0 0 362 0
 4 0 0 338 0 338 1000 0 1000

