 36
 1000 1000 
 4 0 378 0 0 624 0 624 374
 4 0 0 1000 0 1000 480 0 480
 4 0 0 746 0 746 520 286 520
 4 616 0 616 452 0 452 0 148
 5 0 346 0 0 1000 0 1000 506 322 506
 4 0 696 0 0 616 0 616 548
 4 622 350 622 700 0 700 0 0
 5 1000 276 1000 620 0 620 0 0 762 0
 3 322 160 0 160 0 0
 4 0 0 1000 0 1000 380 0 380
 4 0 0 1000 0 1000 494 0 494
 3 214 0 214 414 0 414
 5 664 508 664 1000 0 1000 0 0 456 0
 4 0 0 376 0 376 1000 0 1000
 5 638 592 0 592 0 0 1000 0 1000 342
 4 0 0 374 0 374 1000 0 1000
 4 540 520 0 520 0 0 254 0
 4 0 332 0 0 528 0 528 656
 4 0 0 1000 0 1000 408 0 408
 4 528 324 528 668 0 668 0 0
 3 160 0 160 378 0 378
 4 0 0 384 0 384 1000 0 1000
 5 340 1000 0 1000 0 0 554 0 554 586
 3 0 0 238 0 238 276
 4 500 0 500 754 0 754 0 162
 4 626 0 626 620 0 620 0 28
 4 0 0 386 0 386 1000 0 1000
 4 624 0 624 626 0 626 0 4
 4 0 0 336 0 336 1000 0 1000
 4 0 0 422 0 422 568 22 568
 4 0 408 0 0 500 0 500 246
 4 548 0 548 666 0 666 0 42
 5 454 1000 0 1000 0 0 614 0 614 622
 4 0 376 0 0 548 0 548 334
 3 362 0 362 250 0 250
 4 0 0 378 0 378 1000 0 1000

