 36
 1000 1000 
 4 0 620 0 0 520 0 520 730
 5 404 0 1000 0 1000 522 0 522 0 188
 4 0 422 0 0 660 0 660 684
 3 178 0 178 358 0 358
 4 236 530 0 530 0 0 346 0
 4 0 0 340 0 340 1000 0 1000
 4 0 0 1000 0 1000 348 0 348
 4 110 0 764 0 764 530 0 530
 4 0 0 356 0 356 1000 0 1000
 4 0 0 480 0 480 1000 0 1000
 4 444 0 748 0 748 506 0 506
 4 252 506 0 506 0 0 696 0
 4 0 0 1000 0 1000 470 0 470
 5 322 0 1000 0 1000 652 0 652 0 182
 4 0 624 0 0 602 0 602 354
 4 0 300 0 0 574 0 574 444
 4 0 598 0 0 640 0 640 470
 4 520 110 520 380 0 380 0 0
 4 538 612 0 612 0 0 258 0
 4 0 0 1000 0 1000 494 0 494
 4 0 0 360 0 360 1000 0 1000
 4 0 0 488 0 488 1000 0 1000
 4 0 0 426 0 426 1000 0 1000
 4 660 262 660 578 0 578 0 0
 3 0 188 0 0 404 0
 4 0 0 494 0 494 1000 0 1000
 4 0 0 1000 0 1000 478 0 478
 4 640 0 640 530 0 530 0 128
 4 0 0 1000 0 1000 388 0 388
 4 0 500 0 0 644 0 644 604
 3 0 182 0 0 322 0
 4 0 0 742 0 742 612 280 612
 5 0 336 0 0 1000 0 1000 530 464 530
 4 644 104 644 500 0 500 0 0
 4 574 144 574 700 0 700 0 0
 5 404 1000 0 1000 0 0 650 0 650 530

