 36
 1000 1000 
 4 292 550 0 550 0 0 608 0
 4 0 0 1000 0 1000 388 0 388
 4 380 0 688 0 688 560 0 560
 4 0 0 378 0 378 1000 0 1000
 4 0 540 0 0 546 0 546 694
 4 660 148 660 602 0 602 0 0
 4 0 0 476 0 476 1000 0 1000
 4 572 0 572 698 0 698 0 324
 4 0 0 1000 0 1000 380 0 380
 4 0 0 1000 0 1000 440 0 440
 4 0 0 470 0 470 1000 0 1000
 4 0 0 418 0 418 1000 0 1000
 4 726 612 0 612 0 0 378 0
 4 0 720 0 0 544 0 544 482
 4 530 262 530 786 0 786 0 0
 4 546 154 546 460 0 460 0 0
 4 0 0 1000 0 1000 388 0 388
 4 402 620 0 620 0 0 386 0
 4 158 0 456 0 456 612 0 612
 4 0 626 0 0 572 0 572 302
 4 0 0 622 0 622 612 348 612
 3 288 640 0 640 0 0
 4 0 640 0 0 524 0 524 494
 4 0 0 428 0 428 1000 0 1000
 4 0 398 0 0 660 0 660 546
 4 0 0 352 0 352 1000 0 1000
 4 312 560 0 560 0 0 692 0
 4 0 0 1000 0 1000 450 0 450
 5 380 1000 0 1000 0 0 582 0 582 454
 4 316 0 708 0 708 550 0 550
 4 0 0 574 0 574 536 62 536
 4 0 0 1000 0 1000 464 0 464
 4 524 0 524 506 0 506 0 146
 4 0 0 614 0 614 620 16 620
 4 544 612 0 612 0 0 702 0
 5 0 360 0 0 648 0 648 1000 288 1000

