 36
 1000 1000 
 4 0 0 1000 0 1000 466 0 466
 3 498 200 0 200 0 0
 4 0 0 1000 0 1000 462 0 462
 5 640 612 0 612 0 0 1000 0 1000 410
 3 390 0 390 184 0 184
 3 228 310 0 310 0 0
 4 0 0 388 0 388 1000 0 1000
 3 0 0 380 0 380 180
 4 0 0 1000 0 1000 410 0 410
 4 0 0 410 0 410 1000 0 1000
 5 1000 180 1000 644 0 644 0 0 620 0
 3 0 502 0 0 272 0
 5 436 642 0 642 0 0 1000 0 1000 372
 3 302 0 302 216 0 216
 3 488 0 488 186 0 186
 4 0 0 1000 0 1000 388 0 388
 5 262 0 648 0 648 1000 0 1000 0 226
 4 538 0 538 318 0 318 0 86
 4 0 0 314 0 314 524 44 524
 4 508 0 508 636 0 636 0 120
 4 0 0 1000 0 1000 358 0 358
 3 0 226 0 0 262 0
 3 286 0 286 242 0 242
 4 0 304 0 0 612 0 612 284
 4 0 0 1000 0 1000 362 0 362
 4 0 0 1000 0 1000 356 0 356
 5 714 638 0 638 0 0 1000 0 1000 396
 4 0 0 1000 0 1000 476 0 476
 4 0 768 0 0 538 0 538 682
 3 360 0 360 202 0 202
 4 0 0 338 0 338 1000 0 1000
 4 0 0 462 0 462 1000 0 1000
 4 0 0 492 0 492 1000 0 1000
 4 0 0 352 0 352 1000 0 1000
 5 512 534 0 534 0 0 1000 0 1000 348
 4 612 0 612 716 0 716 0 20

