 36 
 1000 1000 
 4 0 0 1000 0 1000 422 0 422
 4 0 770 0 0 560 0 560 638
 4 530 0 530 670 0 670 0 190
 4 0 0 358 0 358 1000 0 1000
 4 624 0 624 664 0 664 0 286
 4 0 0 1000 0 1000 406 0 406
 4 0 0 486 0 486 1000 0 1000
 4 0 0 1000 0 1000 344 0 344
 3 286 0 286 198 0 198
 5 1000 192 1000 594 0 594 0 0 566 0
 4 0 0 1000 0 1000 422 0 422
 4 0 0 376 0 376 1000 0 1000
 5 430 0 1000 0 1000 608 0 608 0 164
 4 0 0 752 0 752 594 350 594
 4 0 0 674 0 674 654 240 654
 4 142 0 378 0 378 532 0 532
 4 0 0 1000 0 1000 346 0 346
 4 0 0 470 0 470 1000 0 1000
 4 232 578 0 578 0 0 470 0
 4 598 594 0 594 0 0 248 0
 4 0 0 440 0 440 1000 0 1000
 4 0 0 1000 0 1000 468 0 468
 4 0 520 0 0 530 0 530 330
 4 622 532 0 532 0 0 764 0
 4 476 656 0 656 0 0 756 0
 4 566 654 0 654 0 0 326 0
 4 560 0 560 362 0 362 0 132
 4 0 0 1000 0 1000 406 0 406
 4 0 0 416 0 416 1000 0 1000
 4 514 274 514 574 0 574 0 0
 5 642 664 642 1000 0 1000 0 0 374 0
 4 280 0 524 0 524 656 0 656
 5 724 666 0 666 0 0 1000 0 1000 424
 5 714 578 0 578 0 0 1000 0 1000 380
 3 276 0 276 242 0 242
 3 0 164 0 0 430 0

