 36
 1000 1000 
 5 232 0 588 0 588 1000 0 1000 0 292
 5 592 320 592 1000 0 1000 0 0 384 0
 3 0 0 208 0 208 320
 4 0 0 1000 0 1000 494 0 494
 4 0 0 1000 0 1000 352 0 352
 5 506 0 1000 0 1000 582 0 582 0 188
 4 0 0 1000 0 1000 392 0 392
 4 0 0 1000 0 1000 442 0 442
 4 0 0 412 0 412 1000 0 1000
 3 0 188 0 0 506 0
 5 0 406 0 0 1000 0 1000 558 366 558
 4 0 0 1000 0 1000 432 0 432
 4 0 0 1000 0 1000 480 0 480
 3 0 292 0 0 232 0
 4 0 0 408 0 408 1000 0 1000
 5 1000 156 1000 584 0 584 0 0 652 0
 4 0 0 384 0 384 1000 0 1000
 5 546 0 1000 0 1000 608 0 608 0 270
 4 0 0 646 0 646 568 280 568
 4 664 612 0 612 0 0 360 0
 3 0 270 0 0 546 0
 4 0 0 574 0 574 506 284 506
 5 0 388 0 0 1000 0 1000 648 466 648
 4 0 0 496 0 496 1000 0 1000
 3 0 0 578 0 578 228
 3 0 356 0 0 192 0
 3 0 348 0 0 126 0
 4 710 506 0 506 0 0 426 0
 5 126 0 504 0 504 1000 0 1000 0 348
 4 0 0 1000 0 1000 388 0 388
 3 466 260 0 260 0 0
 5 1000 228 1000 648 0 648 0 0 422 0
 5 192 0 638 0 638 1000 0 1000 0 356
 5 1000 186 1000 520 0 520 0 0 694 0
 5 356 1000 0 1000 0 0 616 0 616 442
 3 366 152 0 152 0 0

