 36
 1000 1000 
 4 0 0 260 0 260 514 70 514
 4 0 0 448 0 448 1000 0 1000
 4 0 0 430 0 430 1000 0 1000
 3 314 166 0 166 0 0
 4 570 326 570 732 0 732 0 0
 3 278 290 0 290 0 0
 4 304 0 670 0 670 642 0 642
 4 0 0 758 0 758 586 162 586
 3 204 0 204 574 0 574
 4 404 586 0 586 0 0 242 0
 4 0 268 0 0 570 0 570 594
 5 364 1000 0 1000 0 0 640 0 640 804
 5 348 1000 0 1000 0 0 552 0 552 426
 4 810 514 0 514 0 0 740 0
 4 330 642 0 642 0 0 634 0
 4 0 0 1000 0 1000 414 0 414
 4 0 0 360 0 360 1000 0 1000
 5 0 360 0 0 1000 0 1000 650 278 650
 4 0 232 0 0 502 0 502 392
 4 0 0 408 0 408 528 152 528
 4 282 614 0 614 0 0 690 0
 4 408 0 718 0 718 614 0 614
 5 364 1000 0 1000 0 0 536 0 536 678
 3 502 0 502 214 0 214
 4 0 0 498 0 498 1000 0 1000
 5 498 580 0 580 0 0 1000 0 1000 366
 3 172 0 172 322 0 322
 4 744 528 0 528 0 0 592 0
 4 0 0 1000 0 1000 486 0 486
 5 1000 218 1000 604 0 604 0 0 528 0
 4 502 160 502 768 0 768 0 0
 4 0 0 464 0 464 1000 0 1000
 4 0 0 1000 0 1000 472 0 472
 3 0 0 472 0 472 218
 5 0 688 0 0 542 0 542 1000 134 1000
 3 276 0 276 196 0 196

